38,12
38,11
38,10
38,9
38,8
38,7
38,6
38,3
38,5
0,273
0,270
3,1
3,3
10,174
10,92
10,14
10,27
10,231
11,18
11,10
9,5
9,1
9,7
8,7
8,17
8,12
8,5
8,6
38,4
14,1
38,1
37,3
14,3
13,1
37,1
31,3
13,3
31,1
20,3
20,2
20,1
19,3
19,2
19,1
18,3
18,1
12,3
12,2
12,1
11,30
11,29
11,28
11,27
11,26
2,2
2,1
2,3
11,25
11,24
11,23
11,22
11,21
11,20
11,19
11,17
11,16
11,15
11,14
11,13
11,12
11,11
11,9
11,8
11,6
11,4
11,3
11,2
11,1
10,316
10,315
10,314
10,313
10,312
10,311
10,310
10,309
10,308
10,307
10,306
10,305
10,304
10,303
10,302
10,301
10,300
10,299
10,298
10,297
10,296
10,295
10,294
